word,in_females,in_males,in_total,
,1649,2462,4111,
excited,99,108,207,
timesbr,24,40,64,
until,131,223,354,
mission,47,83,130,
everybody,17,38,55,
hope,198,277,475,
hear,94,169,263,
head,128,233,361,
seattle,27,41,68,
somebody,21,48,69,
league,21,56,77,
hair,278,285,563,
tobr,66,89,155,
tobe,52,71,123,
occasion,30,40,70,
welcome,29,46,75,
cities,40,54,94,
cutting,30,26,56,
louis,22,31,53,
professional,87,108,195,
son,62,63,125,
kill,89,92,181,
banter,23,28,51,
dream,129,161,290,
backpacking,24,34,58,
were,203,373,576,
prince,45,62,107,
fiction,170,266,436,
thank,36,69,105,
profile,180,339,519,
five,64,124,188,
hanging,230,333,563,
focused,37,63,100,
ihave,134,154,288,
these,286,436,722,
british,36,65,101,
curiosity,41,38,79,
philosophy,35,105,140,
twilight,41,23,64,
diving,27,47,74,
beats,29,45,74,
rules,24,42,66,
bed,115,125,240,
beginning,23,37,60,
ben,29,42,71,
cinema,23,38,61,
forms,42,50,92,
believe,225,344,569,
tasty,25,52,77,
taste,119,156,275,
planning,114,126,240,
musical,73,106,179,
why,305,481,786,
who,1022,1330,2352,
scuba,23,30,53,
marathon,30,28,58,
mess,25,29,54,
rare,23,56,79,
jersey,32,31,63,
gotta,41,65,106,
andthe,60,67,127,
glasses,49,66,115,
s,217,329,546,
tattoos,43,53,96,
steve,27,62,89,
planet,52,90,142,
exactly,38,81,119,
atleast,26,34,60,
ps,22,38,60,
shoesbr,40,47,87,
mind,318,462,780,
mine,72,94,166,
drinks,136,218,354,
hilarious,33,39,72,
current,110,169,279,
emotionally,41,56,97,
andrew,23,31,54,
complete,58,85,143,
grew,182,326,508,
smilebr,26,27,53,
bowie,34,35,69,
games,242,388,630,
castle,29,29,58,
ability,72,98,170,
foodbr,219,401,620,
themselves,65,77,142,
key,48,60,108,
song,103,184,287,
discovering,45,51,96,
drawn,29,22,51,
personal,124,164,288,
times,251,387,638,
timei,26,45,71,
small,208,275,483,
manbr,26,44,70,
friendsyou,28,29,57,
thats,369,616,985,
thati,40,58,98,
camping,111,124,235,
laid,74,172,246,
shelter,17,36,53,
money,105,197,302,
wantto,29,47,76,
dig,43,65,108,
did,175,253,428,
die,43,91,134,
events,98,132,230,
edward,27,31,58,
lovebr,122,105,227,
a,2211,3244,5455,
ease,34,21,55,
easy,244,361,605,
east,163,237,400,
authors,56,67,123,
fool,18,33,51,
food,1249,1661,2910,
foot,33,45,78,
community,102,151,253,
hand,78,128,206,
hang,169,257,426,
constant,32,41,73,
spring,27,31,58,
serious,185,246,431,
brain,73,117,190,
individual,26,38,64,
voice,64,85,149,
conscious,27,34,61,
york,83,116,199,
em,16,36,52,
couple,117,221,338,
shes,39,30,69,
self,136,168,304,
math,38,84,122,
list,299,388,687,
fullest,39,34,73,
thing,371,622,993,
garden,86,74,160,
she,95,165,260,
shy,142,184,326,
princess,59,69,128,
possibly,67,104,171,
possible,133,161,294,
teabr,32,29,61,
herebr,43,66,109,
los,33,51,84,
lot,701,1048,1749,
low,67,95,162,
lol,63,82,145,
flowers,36,27,63,
musicals,39,28,67,
solving,29,63,92,
drive,85,145,230,
affection,26,29,55,
practice,65,88,153,
midwest,40,31,71,
pandora,31,43,74,
paying,20,34,54,
n,61,98,159,
holiday,40,24,64,
itmale,0,56,56,
spirited,26,33,59,
justice,56,70,126,
central,26,44,70,
yoga,209,109,318,
taught,27,50,77,
memories,30,29,59,
other,617,997,1614,
philadelphia,27,46,73,
sales,32,27,59,
challenging,43,46,89,
right,473,735,1208,
before,236,381,617,
woods,26,41,67,
moved,301,494,795,
moves,28,27,55,
video,70,222,292,
fly,31,37,68,
use,147,272,419,
life,1194,1577,2771,
motivated,32,40,72,
rather,161,275,436,
activities,99,151,250,
watching,466,608,1074,
average,24,53,77,
sisters,42,41,83,
relax,41,76,117,
youbr,84,109,193,
sense,439,551,990,
frank,37,53,90,
slow,41,75,116,
ways,132,162,294,
available,27,40,67,
bros,15,38,53,
rain,44,49,93,
basically,91,121,212,
becoming,46,65,111,
iphone,62,105,167,
week,273,327,600,
leaving,23,31,54,
fond,14,42,56,
hiphop,60,100,160,
richard,28,31,59,
nothing,201,289,490,
history,131,232,363,
china,29,52,81,
eating,239,287,526,
airbr,23,39,62,
production,15,41,56,
ideally,28,26,54,
stuck,42,74,116,
movie,485,723,1208,
thebest,29,26,55,
thingbr,20,35,55,
boston,31,53,84,
football,40,88,128,
management,27,38,65,
godfather,23,62,85,
telling,66,105,171,
okcupid,48,106,154,
many,540,763,1303,
paper,59,72,131,
shape,26,67,93,
would,792,1101,1893,
anda,33,88,121,
gone,64,86,150,
sky,27,63,90,
ski,28,36,64,
film,92,170,262,
fill,61,74,135,
skinny,20,33,53,
hawaii,21,30,51,
strong,122,173,295,
chick,53,35,88,
cell,68,77,145,
withthe,35,35,70,
farmers,60,25,85,
hmm,20,40,60,
qualities,21,37,58,
relaxed,22,55,77,
bedbr,29,38,67,
pop,144,201,345,
strangers,72,62,134,
shop,38,74,112,
show,342,505,847,
shot,26,48,74,
leaves,28,35,63,
specific,25,68,93,
lies,16,35,51,
yearbr,20,34,54,
strive,37,37,74,
affectionate,34,40,74,
genuine,93,94,187,
let,174,280,454,
familybr,321,347,668,
several,84,94,178,
concert,58,81,139,
glass,134,110,244,
continue,48,68,116,
loyal,113,108,221,
escape,30,49,79,
minded,74,78,152,
othersbr,44,59,103,
scott,28,73,101,
dining,41,49,90,
hunting,31,41,72,
traveling,267,310,577,
know,937,1383,2320,
thoughtful,66,63,129,
totally,89,125,214,
assume,21,30,51,
pasta,32,36,68,
sincere,32,37,69,
lines,18,52,70,
records,24,40,64,
cook,273,353,626,
among,37,79,116,
experiences,96,131,227,
others,302,367,669,
easily,84,115,199,
ifyou,56,71,127,
museum,28,28,56,
boy,89,154,243,
bob,69,123,192,
plenty,26,53,79,
geek,58,106,164,
rings,57,92,149,
color,77,69,146,
bite,21,36,57,
naturally,30,43,73,
hardcore,23,39,62,
happiness,54,77,131,
includes,43,41,84,
funny,262,358,620,
eater,32,35,67,
hearing,36,39,75,
francisco,299,437,736,
pool,39,60,99,
poor,17,34,51,
decent,48,107,155,
swing,28,39,67,
dancebr,34,26,60,
attitude,28,50,78,
career,185,266,451,
journey,49,67,116,
flip,27,35,62,
overly,23,35,58,
youll,111,181,292,
laugh,520,583,1103,
considering,25,29,54,
update,45,51,96,
rightbr,28,33,61,
id,371,465,836,
knife,23,50,73,
playing,285,582,867,
artists,55,80,135,
arebr,42,66,108,
hell,68,127,195,
tom,80,106,186,
ton,24,68,92,
too,703,1008,1711,
top,145,312,457,
agood,71,94,165,
drawing,48,76,124,
somehow,44,56,100,
tired,35,58,93,
currently,342,491,833,
bother,19,32,51,
wedding,32,36,68,
political,45,67,112,
murakami,25,30,55,
agree,24,43,67,
heres,36,83,119,
hobby,20,53,73,
projects,70,128,198,
foodmy,30,24,54,
source,22,31,53,
sedaris,45,41,86,
flicks,45,38,83,
corporate,24,38,62,
itbr,206,333,539,
soup,30,36,66,
soul,122,176,298,
lord,55,126,181,
agreat,26,36,62,
fall,121,138,259,
normal,39,77,116,
helped,16,40,56,
ridiculous,45,67,112,
wont,144,196,340,
fight,73,160,233,
needs,62,79,141,
home,579,728,1307,
galactica,16,37,53,
character,23,59,82,
brother,36,80,116,
really,992,1499,2491,
languages,34,51,85,
going,905,1235,2140,
bright,47,76,123,
mefemale,74,0,74,
town,118,155,273,
busy,141,145,286,
hitting,28,53,81,
dirty,78,76,154,
italian,183,285,468,
ithink,29,74,103,
watch,388,578,966,
mouth,28,34,62,
crazy,163,203,366,
three,147,209,356,
wandering,18,34,52,
looking,721,1053,1774,
respectful,30,28,58,
volunteering,39,37,76,
kurt,20,38,58,
independent,159,109,268,
pursuit,32,36,68,
studied,40,50,90,
raised,150,217,367,
particular,101,149,250,
horses,35,32,67,
working,677,1026,1703,
tothe,58,81,139,
market,48,46,94,
major,87,113,200,
whiskey,31,38,69,
pen,27,36,63,
pet,24,40,64,
meeting,215,303,518,
dates,34,51,85,
sexy,85,99,184,
situation,53,82,135,
documentary,19,34,53,
giant,22,52,74,
save,64,90,154,
spontaneous,101,99,200,
franciscobr,16,36,52,
moment,154,227,381,
natural,72,88,160,
holding,26,38,64,
restaurants,127,142,269,
knew,26,38,64,
colbert,31,81,112,
environment,32,36,68,
losing,24,35,59,
remember,76,110,186,
hunger,69,48,117,
ground,28,41,69,
interests,124,162,286,
supposed,22,56,78,
therebr,35,65,100,
type,152,242,394,
humorbr,62,99,161,
forever,35,56,91,
sorry,65,83,148,
both,231,386,617,
eye,73,104,177,
killer,20,43,63,
give,223,325,548,
notice,147,248,395,
enjoys,46,83,129,
constantly,68,100,168,
rye,37,54,91,
after,409,587,996,
sort,91,166,257,
morebr,100,127,227,
birthday,27,36,63,
youve,82,143,225,
mix,56,81,137,
intelligence,35,53,88,
b,43,85,128,
told,210,295,505,
kid,77,150,227,
favorite,605,740,1345,
screen,18,47,65,
term,53,87,140,
riding,105,158,263,
festivals,39,31,70,
trouble,39,69,108,
shawshank,39,90,129,
boring,49,94,143,
withbr,56,81,137,
entertaining,42,55,97,
incredibly,46,54,100,
incredible,24,43,67,
holy,19,54,73,
hole,36,31,67,
hold,84,135,219,
sensitive,49,48,97,
animal,67,88,155,
note,69,101,170,
hard,334,559,893,
burn,19,38,57,
realize,52,106,158,
adele,48,36,84,
jumping,28,27,55,
able,160,232,392,
attention,45,85,130,
generally,126,203,329,
although,200,241,441,
bike,158,261,419,
driving,70,129,199,
treat,31,59,90,
great,621,893,1514,
pretty,667,967,1634,
tohave,27,48,75,
groups,29,41,70,
interesting,224,405,629,
fascinated,23,34,57,
stone,47,53,100,
level,52,75,127,
couch,62,63,125,
embrace,22,33,55,
bookbr,46,48,94,
edge,34,39,73,
travelbr,47,48,95,
radio,73,112,185,
naturebr,54,52,106,
turn,89,126,215,
having,473,651,1124,
west,102,151,253,
lights,48,47,95,
dishes,35,52,87,
useless,23,37,60,
attractive,45,55,100,
share,236,303,539,
sharp,27,48,75,
guide,28,88,116,
minute,43,52,95,
approach,26,41,67,
i,2212,3252,5464,
lewis,17,35,52,
artbr,42,55,97,
knowledge,38,86,124,
attracted,43,65,108,
lucky,92,115,207,
goes,148,188,336,
conversationbr,40,53,93,
comfortable,157,184,341,
there,565,882,1447,
focusing,21,38,59,
player,23,52,75,
played,44,98,142,
waybr,28,69,97,
blues,64,112,176,
gym,70,174,244,
jacket,15,38,53,
tech,49,138,187,
matrix,21,73,94,
perfectly,24,36,60,
whether,153,186,339,
emotional,32,41,73,
hills,39,42,81,
tomake,19,43,62,
integrity,44,20,64,
pay,44,77,121,
appreciate,169,167,336,
stick,47,54,101,
etcbr,94,168,262,
name,195,337,532,
multiple,20,35,55,
sons,55,65,120,
woman,176,185,361,
andi,45,51,96,
jackson,38,51,89,
iti,33,61,94,
its,954,1382,2336,
bit,329,502,831,
filling,33,57,90,
cool,161,376,537,
box,59,74,133,
bon,61,48,109,
clean,71,75,146,
clear,49,43,92,
silly,154,142,296,
beyond,50,96,146,
compassionate,60,60,120,
crap,25,45,70,
mention,70,74,144,
thatbr,45,81,126,
inch,24,34,58,
quickly,30,51,81,
outdoor,62,84,146,
think,853,1272,2125,
when,963,1357,2320,
recently,293,517,810,
soon,71,125,196,
withfriends,51,79,130,
indian,150,246,396,
pursue,29,50,79,
gold,24,31,55,
section,53,64,117,
kind,449,568,1017,
king,59,109,168,
smart,193,260,453,
period,22,40,62,
matters,33,36,69,
cards,27,35,62,
attempting,23,35,58,
finished,82,116,198,
winebr,58,51,109,
masters,72,88,160,
surprised,16,37,53,
explain,19,46,65,
thesame,24,28,52,
iver,41,32,73,
friendship,57,71,128,
programming,10,47,57,
keeps,72,93,165,
desire,53,69,122,
casual,52,67,119,
theres,181,279,460,
gentleman,28,41,69,
visual,21,50,71,
love,1708,2011,3719,
shoot,21,46,67,
drinking,153,203,356,
funbr,57,79,136,
bear,33,56,89,
cruz,20,33,53,
ilike,89,128,217,
single,134,147,281,
oakland,101,106,207,
perspective,30,52,82,
beat,88,86,174,
message,187,287,474,
international,54,45,99,
drink,181,276,457,
doors,28,64,92,
situations,66,70,136,
literature,40,47,87,
white,144,187,331,
fairly,69,114,183,
good,1450,2090,3540,
because,422,621,1043,
dancing,417,310,727,
swim,37,53,90,
milk,49,59,108,
luck,37,44,81,
along,216,336,552,
alone,92,124,216,
friday,224,308,532,
stewart,31,22,53,
jones,43,54,97,
bell,51,30,81,
routine,21,37,58,
burning,35,54,89,
weeds,27,34,61,
bill,59,99,158,
enjoying,254,343,597,
cold,75,102,177,
sometimes,374,552,926,
england,22,36,58,
freedom,55,63,118,
perhaps,80,128,208,
development,126,170,296,
against,40,99,139,
coast,126,164,290,
married,69,71,140,
learned,76,128,204,
point,140,240,380,
myfriends,40,35,75,
inbr,22,55,77,
minutes,38,68,106,
hall,33,42,75,
half,136,187,323,
bones,42,20,62,
eastern,38,34,72,
theworld,40,74,114,
betterbr,28,40,68,
graduate,70,83,153,
progressive,19,43,62,
stranger,36,60,96,
adventures,165,192,357,
achieve,19,35,54,
searching,39,39,78,
lets,150,266,416,
countries,62,64,126,
album,13,38,51,
related,43,68,111,
issues,49,61,110,
details,26,42,68,
smith,53,54,107,
humor,340,434,774,
kidding,30,36,66,
chinese,87,164,251,
has,503,748,1251,
had,368,531,899,
ocean,102,101,203,
brown,61,104,165,
easygoing,59,81,140,
mark,23,45,68,
mars,18,43,61,
mary,30,42,72,
whos,59,83,142,
whom,64,71,135,
fan,167,301,468,
far,220,368,588,
fat,33,45,78,
fav,31,28,59,
classplink,26,25,51,
front,74,114,188,
giants,70,99,169,
seems,100,197,297,
vs,36,55,91,
also,1028,1459,2487,
suppose,55,76,131,
zeppelin,27,48,75,
board,70,122,192,
opening,40,47,87,
fancy,39,73,112,
beach,183,201,384,
got,299,557,856,
god,99,164,263,
openminded,58,67,125,
crime,50,70,120,
adventurebr,35,37,72,
program,53,78,131,
older,47,65,112,
system,33,65,98,
smiths,38,38,76,
peoplebr,98,148,246,
phd,26,67,93,
learning,304,360,664,
weekend,117,189,306,
talking,219,333,552,
peoples,79,131,210,
modest,29,41,70,
peoplei,16,35,51,
massage,33,36,69,
outbr,58,110,168,
says,63,94,157,
and,2231,3283,5514,
any,512,822,1334,
markets,32,21,53,
carry,26,42,68,
netflix,74,104,178,
beerbr,11,46,57,
foods,136,156,292,
happybr,21,35,56,
way,540,812,1352,
was,634,1117,1751,
war,49,103,152,
patience,32,20,52,
musicbr,339,526,865,
butim,17,37,54,
talent,14,41,55,
otherwise,61,114,175,
doesnt,186,319,505,
above,89,148,237,
something,580,913,1493,
sushi,204,246,450,
machine,47,56,103,
greek,34,39,73,
green,123,149,272,
saving,35,60,95,
series,139,227,366,
laughbr,59,80,139,
chilling,44,70,114,
knowing,54,94,148,
traveled,71,86,157,
like,1636,2521,4157,
rolling,45,66,111,
bunch,52,93,145,
depeche,22,29,51,
except,155,201,356,
jack,56,87,143,
kindness,41,30,71,
anything,740,1166,1906,
sensual,27,33,60,
tons,23,35,58,
passionate,221,226,447,
despite,47,70,117,
wall,31,49,80,
walk,133,195,328,
falling,38,51,89,
magic,30,47,77,
jane,49,26,75,
devil,32,29,61,
forget,37,64,101,
problems,37,107,144,
inspire,33,22,55,
mode,32,47,79,
letting,27,31,58,
whole,125,189,314,
alot,93,124,217,
large,76,141,217,
offer,70,88,158,
evil,19,47,66,
sites,26,32,58,
cuisine,44,49,93,
scrabble,32,32,64,
guy,192,756,948,
wire,60,111,171,
rule,14,42,56,
mei,53,77,130,
met,170,202,372,
street,70,130,200,
reading,515,672,1187,
importantly,26,34,60,
andhave,29,34,63,
diverse,27,45,72,
experiencing,30,43,73,
sum,20,48,68,
sun,142,168,310,
might,265,442,707,
battlestar,21,53,74,
check,75,139,214,
yorker,37,29,66,
done,158,215,373,
ended,24,45,69,
philosophical,24,32,56,
standing,19,39,58,
floyd,19,48,67,
enjoyed,66,111,177,
kite,34,21,55,
worked,86,133,219,
preferably,45,52,97,
massages,20,38,58,
have,1748,2495,4243,
annie,19,32,51,
make,805,1172,1977,
found,121,217,338,
phoenix,37,28,65,
collective,26,43,69,
sharing,85,87,172,
blind,23,43,66,
gave,29,37,66,
days,268,417,685,
feel,477,649,1126,
feet,98,95,193,
experience,127,185,312,
memale,0,117,117,
what,1080,1659,2739,
worth,50,111,161,
physical,77,113,190,
memory,19,34,53,
bored,28,92,120,
help,203,298,501,
excuse,20,34,54,
called,104,147,251,
hours,117,172,289,
eyes,336,428,764,
does,158,224,382,
ice,122,175,297,
mexico,23,30,53,
bride,46,47,93,
startup,39,113,152,
tell,325,504,829,
effort,24,34,58,
religion,30,41,71,
gotten,41,70,111,
healthy,181,182,363,
latest,41,40,81,
tomale,0,63,63,
those,307,473,780,
away,173,272,445,
subject,21,44,65,
one,861,1250,2111,
bluegrass,33,23,56,
questions,76,143,219,
friendships,35,47,82,
classical,85,177,262,
clever,16,45,61,
coffee,221,299,520,
sanfrancisco,40,76,116,
contact,66,74,140,
sing,117,104,221,
goal,70,112,182,
his,160,202,362,
certain,44,73,117,
marley,18,40,58,
snowboarding,28,73,101,
hit,77,162,239,
consider,124,173,297,
ofhumor,27,31,58,
lie,46,55,101,
reason,86,150,236,
ends,26,44,70,
citybr,33,50,83,
historical,32,31,63,
very,706,1028,1734,
appreciating,29,29,58,
patient,34,51,85,
travelingbr,48,38,86,
dear,19,34,53,
deal,61,95,156,
dead,119,229,348,
none,21,58,79,
thought,122,218,340,
past,172,275,447,
pass,38,50,88,
state,107,148,255,
fast,78,156,234,
cross,16,43,59,
impact,27,38,65,
our,215,323,538,
out,1490,2164,3654,
john,134,220,354,
master,28,65,93,
laughterbr,90,86,176,
california,143,189,332,
ones,159,204,363,
from,1131,1640,2771,
element,14,39,53,
explore,158,194,352,
monty,24,40,64,
northern,36,39,75,
photos,31,90,121,
foreign,101,98,199,
day,517,773,1290,
quick,61,78,139,
service,48,50,98,
challenges,30,46,76,
delicious,81,60,141,
meaningful,41,45,86,
impossible,19,37,56,
advantage,21,35,56,
changes,24,57,81,
changed,17,36,53,
again,147,189,336,
miles,47,105,152,
exciting,46,92,138,
force,15,37,52,
perfect,89,145,234,
showsbr,44,81,125,
techno,22,32,54,
twin,34,51,85,
myfavorite,63,57,120,
card,28,52,80,
care,242,281,523,
seem,136,216,352,
seek,32,41,73,
clothing,25,28,53,
piece,33,42,75,
potter,102,129,231,
blonde,36,28,64,
thanks,46,78,124,
anythingbr,21,49,70,
smoking,21,49,70,
facebook,28,42,70,
st,34,63,97,
dancingbr,49,30,79,
japan,16,37,53,
complicated,19,36,55,
google,28,48,76,
unique,57,87,144,
afew,30,35,65,
neil,39,54,93,
magical,27,26,53,
count,69,98,167,
draw,30,58,88,
toward,31,43,74,
travelling,23,35,58,
bigger,32,23,55,
towards,63,131,194,
writer,37,51,88,
action,91,140,231,
figure,116,189,305,
aside,37,57,94,
cycling,15,46,61,
express,33,34,67,
chicago,29,48,77,
personality,107,157,264,
messages,35,41,76,
ideas,90,176,266,
ideal,42,49,91,
tattoo,44,49,93,
isbr,34,33,67,
about,1218,1856,3074,
wanting,36,38,74,
either,178,302,480,
better,366,604,970,
appreciation,35,30,65,
across,61,104,165,
hurt,26,41,67,
teaching,85,121,206,
run,156,262,418,
part,251,382,633,
park,142,254,396,
coworkers,22,34,56,
classes,51,69,120,
student,95,134,229,
farm,21,31,52,
parks,82,123,205,
keys,64,111,175,
bottle,36,71,107,
archer,15,53,68,
africa,41,29,70,
former,22,33,55,
laptop,31,44,75,
orderbr,37,65,102,
sailing,21,39,60,
double,19,58,77,
depending,39,74,113,
city,459,631,1090,
finally,92,125,217,
fridays,31,44,75,
first,387,597,984,
fresh,152,121,273,
forbr,22,36,58,
become,132,224,356,
toobr,74,118,192,
motorcycle,32,89,121,
jobs,54,80,134,
handle,36,34,70,
kissing,36,34,70,
baby,57,74,131,
lake,30,40,70,
moon,38,52,90,
mood,79,114,193,
dislike,26,38,64,
free,215,311,526,
peppers,23,47,70,
exercisebr,20,38,58,
figured,30,47,77,
dating,161,238,399,
lotof,28,38,66,
blue,132,202,334,
canada,17,42,59,
steel,15,39,54,
typically,29,43,72,
connect,40,54,94,
amelie,67,44,111,
living,388,546,934,
enough,214,341,555,
wild,98,108,206,
financial,17,38,55,
kinda,80,136,216,
kinds,187,235,422,
vacation,63,55,118,
her,139,169,308,
hey,69,113,182,
weeks,42,87,129,
ethiopian,42,31,73,
underground,24,39,63,
friends,1327,1752,3079,
nowbr,61,83,144,
few,401,651,1052,
southern,58,73,131,
private,165,222,387,
making,641,863,1504,
togetherbr,27,32,59,
occasional,50,109,159,
baking,106,38,144,
within,80,99,179,
funmale,0,52,52,
ready,110,144,254,
girl,463,291,754,
america,68,93,161,
candy,34,33,67,
new,1156,1513,2669,
empire,34,78,112,
andim,16,36,52,
especially,310,382,692,
witty,99,128,227,
understand,86,155,241,
random,174,308,482,
digital,23,46,69,
cannot,54,54,108,
anyone,137,195,332,
sugar,32,33,65,
iron,54,77,131,
site,94,141,235,
intimate,30,29,59,
excellent,47,58,105,
goals,70,109,179,
ending,19,33,52,
volunteer,48,48,96,
awkward,61,72,133,
thingsbr,108,154,262,
pretend,27,38,65,
wasnt,41,64,105,
yes,227,317,544,
yet,210,290,500,
english,82,84,166,
trust,49,67,116,
describe,87,119,206,
nina,38,28,66,
nine,15,38,53,
much,832,1261,2093,
zombie,19,62,81,
exercise,60,111,171,
send,69,102,171,
health,100,122,222,
whatever,146,290,436,
smilei,35,17,52,
greatest,33,64,97,
faces,28,30,58,
worlds,16,42,58,
onebr,37,73,110,
asked,58,82,140,
taking,281,400,681,
highly,44,56,100,
interest,86,147,233,
sarcasm,61,78,139,
said,203,288,491,
touch,85,94,179,
role,28,34,62,
roll,45,54,99,
future,199,370,569,
bikebr,26,63,89,
improve,43,93,136,
hitchhikers,11,40,51,
assistant,34,19,53,
listening,298,434,732,
oscar,23,32,55,
wonder,82,125,207,
arrested,100,142,242,
chip,36,28,64,
secretly,30,38,68,
epic,20,35,55,
seinfeld,19,52,71,
lifestyle,67,46,113,
thinks,27,36,63,
nights,109,169,278,
river,30,41,71,
online,125,187,312,
looked,19,39,58,
pink,56,87,143,
healthbr,20,34,54,
tool,18,51,69,
moviesbr,124,235,359,
blog,24,28,52,
blow,26,25,51,
gonna,49,93,142,
ivebeen,23,35,58,
terrible,59,76,135,
developing,31,40,71,
cultures,54,57,111,
picking,45,54,99,
throwing,33,28,61,
pride,77,51,128,
isnt,120,204,324,
morning,93,142,235,
pair,35,56,91,
general,129,178,307,
daily,114,219,333,
genuinely,38,40,78,
havea,31,39,70,
trip,138,169,307,
running,204,267,471,
include,122,167,289,
simon,26,39,65,
answer,71,148,219,
change,199,202,401,
including,72,101,173,
tiny,33,42,75,
m,29,62,91,
guybr,13,48,61,
just,1185,1809,2994,
view,56,69,125,
heading,23,49,72,
thrones,50,105,155,
bird,47,56,103,
iam,102,122,224,
lyrics,31,51,82,
comics,21,34,55,
science,132,272,404,
american,189,324,513,
dance,325,317,642,
obsessed,52,45,97,
gay,22,65,87,
wind,57,82,139,
wine,295,269,564,
wing,22,37,59,
opinion,21,39,60,
for,1837,2744,4581,
hangover,24,49,73,
opera,58,47,105,
game,202,408,610,
turns,28,51,79,
question,94,204,298,
walking,143,237,380,
forthe,37,39,76,
knows,85,109,194,
known,74,115,189,
young,156,179,335,
waste,36,50,86,
heavy,39,70,109,
happened,23,45,68,
you,1519,2332,3851,
pleasure,60,71,131,
discover,22,44,66,
artistic,51,68,119,
studio,33,56,89,
feels,51,86,137,
record,22,59,81,
bought,35,54,89,
page,32,41,73,
library,37,48,85,
outlook,26,28,54,
inner,39,58,97,
genre,36,62,98,
studies,41,44,85,
nextbr,25,39,64,
spot,50,81,131,
python,20,38,58,
wish,129,165,294,
wise,29,52,81,
beer,141,231,372,
photography,68,116,184,
venture,16,43,59,
third,44,64,108,
flexible,26,33,59,
chuck,31,58,89,
caught,28,44,72,
north,31,75,106,
space,110,174,284,
fortunate,47,48,95,
obviously,29,45,74,
velvet,24,39,63,
mylife,62,56,118,
sexual,25,33,58,
take,508,724,1232,
shopping,60,37,97,
grade,43,33,76,
educated,36,41,77,
children,154,142,296,
more,892,1377,2269,
four,73,117,190,
finishing,36,58,94,
hill,56,47,103,
camera,56,69,125,
intense,41,48,89,
beers,22,37,59,
y,39,51,90,
avatar,19,39,58,
pants,27,36,63,
endless,31,28,59,
various,79,107,186,
growth,31,23,54,
parts,48,73,121,
party,153,218,371,
swimming,89,83,172,
sick,29,40,69,
computer,63,241,304,
light,87,130,217,
fascinating,20,42,62,
recipes,31,30,61,
anyway,40,74,114,
shows,504,673,1177,
knight,12,46,58,
spending,198,192,390,
seeking,69,68,137,
buying,26,29,55,
heartbr,26,36,62,
points,91,95,186,
sure,231,413,644,
want,964,1458,2422,
donnie,22,40,62,
extremely,85,112,197,
laughter,128,73,201,
animals,116,104,220,
obscure,14,44,58,
checking,58,75,133,
decide,40,49,89,
mixed,25,36,61,
idea,114,183,297,
followed,23,46,69,
depends,102,127,229,
comic,24,47,71,
mexican,181,262,443,
around,492,803,1295,
worldbr,62,81,143,
raw,19,37,56,
rap,69,134,203,
cream,72,76,148,
remembering,45,52,97,
star,97,241,338,
stay,173,261,434,
fifth,24,43,67,
dancer,39,39,78,
date,120,166,286,
angels,24,32,56,
biking,60,158,218,
channel,38,46,84,
simple,120,175,295,
ladies,23,62,85,
seriouslybr,30,39,69,
office,106,205,311,
lose,34,42,76,
lost,152,242,394,
doubt,24,31,55,
slightly,44,51,95,
computerbr,18,67,85,
dreaming,39,22,61,
somewhere,79,145,224,
cafe,22,40,62,
partner,140,142,282,
william,15,36,51,
information,32,51,83,
thoughts,43,65,108,
software,13,126,139,
equally,33,47,80,
most,750,1098,1848,
arent,103,138,241,
spent,139,226,365,
end,155,270,425,
decided,74,115,189,
comedies,104,84,188,
similar,50,77,127,
gal,39,16,55,
tastes,71,113,184,
keeping,110,121,231,
surfing,28,64,92,
hate,174,197,371,
need,376,562,938,
recent,100,127,227,
came,76,130,206,
different,247,381,628,
enders,20,58,78,
reality,65,77,142,
fear,47,83,130,
songs,65,135,200,
robert,33,70,103,
trees,51,48,99,
smile,442,420,862,
ultimately,22,31,53,
clearly,29,34,63,
common,64,98,162,
religious,23,28,51,
iwill,30,38,68,
horror,104,107,211,
cash,41,64,105,
case,81,102,183,
however,113,174,287,
dogs,127,133,260,
opportunity,42,59,101,
socially,23,41,64,
myselfbr,42,61,103,
kick,51,101,152,
friendly,123,127,250,
onthe,55,84,139,
table,24,40,64,
upon,53,79,132,
acting,29,37,66,
local,147,183,330,
lists,44,53,97,
collection,38,73,111,
youare,22,29,51,
search,32,52,84,
dumb,19,56,75,
aspects,26,35,61,
real,256,326,582,
read,571,838,1409,
jam,35,49,84,
music,1388,1896,3284,
with,1945,2725,4670,
pearl,25,33,58,
shadow,20,37,57,
lead,65,81,146,
lean,23,29,52,
death,86,155,241,
maintain,28,48,76,
dork,23,34,57,
phone,108,144,252,
wants,93,119,212,
they,551,871,1422,
then,460,749,1209,
empty,17,40,57,
swear,19,35,54,
sit,45,83,128,
six,97,138,235,
scared,33,34,67,
start,169,297,466,
stars,49,64,113,
version,35,62,97,
nice,292,505,797,
nick,25,45,70,
own,409,593,1002,
wit,58,55,113,
loveto,38,29,67,
getting,449,628,1077,
simone,32,31,63,
entirely,14,40,54,
boat,19,44,63,
geeky,26,44,70,
readingbr,20,31,51,
upbr,47,87,134,
medical,44,49,93,
bang,51,109,160,
band,124,201,325,
difference,45,62,107,
road,136,176,312,
power,88,134,222,
clubs,27,59,86,
hockey,14,38,52,
since,229,393,622,
nearly,44,81,125,
feeling,103,135,238,
imagine,47,53,100,
best,452,640,1092,
ive,737,1063,1800,
truly,88,114,202,
unless,97,155,252,
practicing,22,42,64,
honesty,77,78,155,
beatles,69,132,201,
lived,214,285,499,
boardwalk,16,36,52,
technology,45,130,175,
topics,18,45,63,
visit,72,84,156,
leave,88,133,221,
partying,15,49,64,
pizza,72,147,219,
writing,218,327,545,
island,32,53,85,
following,46,77,123,
michael,72,113,185,
goofy,69,79,148,
folks,44,63,107,
grown,49,68,117,
br,1591,2421,4012,
bs,28,33,61,
by,830,1224,2054,
be,1441,2114,3555,
ba,26,31,57,
menbr,26,41,67,
respond,35,29,64,
folk,61,61,122,
arts,104,121,225,
apartment,37,43,80,
stable,27,29,56,
generous,43,28,71,
eventually,45,66,111,
ipod,58,61,119,
vegetarian,76,74,150,
form,62,101,163,
lots,211,261,472,
variety,73,105,178,
vampire,56,41,97,
korean,39,61,100,
intellectual,61,87,148,
saying,65,119,184,
likely,64,133,197,
adore,62,23,85,
limited,36,41,77,
judge,53,79,132,
liked,48,96,144,
humble,21,43,64,
likes,109,160,269,
smiling,51,67,118,
time,1222,1746,2968,
lifei,33,33,66,
lifes,47,59,106,
already,77,116,193,
alchemist,33,33,66,
gets,84,125,209,
lee,29,38,67,
designing,19,56,75,
solid,34,62,96,
weather,58,72,130,
fake,26,32,58,
train,31,54,85,
trail,28,25,53,
charles,16,53,69,
dude,19,58,77,
crystal,22,39,61,
tim,25,49,74,
caring,89,89,178,
comfort,55,46,101,
santa,39,62,101,
forrest,25,28,53,
movies,1063,1487,2550,
survive,21,35,56,
stones,28,50,78,
cuddling,45,36,81,
changing,48,63,111,
passions,47,52,99,
abroad,47,50,97,
youd,69,138,207,
gear,11,59,70,
eclectic,77,95,172,
skills,62,83,145,
helps,38,59,97,
positive,147,167,314,
world,596,810,1406,
under,134,144,278,
couldnt,49,75,124,
fitness,28,23,51,
tahoe,30,50,80,
ofa,21,34,55,
off,338,565,903,
sandwiches,19,34,53,
water,233,292,525,
skiing,50,78,128,
quirky,53,48,101,
second,84,132,216,
nose,23,32,55,
hobbies,39,68,107,
latin,42,42,84,
passion,151,232,383,
reader,44,66,110,
cut,41,86,127,
cup,55,78,133,
rampb,77,78,155,
daybr,51,81,132,
unfortunately,22,52,74,
tried,57,91,148,
smell,51,66,117,
alice,43,28,71,
been,742,1132,1874,
used,195,356,551,
research,63,68,131,
short,199,279,478,
alittle,35,55,90,
batman,17,34,51,
ienjoy,37,46,83,
neighborhood,25,28,53,
rarely,57,83,140,
sunshine,161,115,276,
bebr,26,47,73,
brave,27,40,67,
transplant,22,40,62,
gump,23,33,56,
wellbr,37,75,112,
flow,31,39,70,
or,1677,2359,4036,
of,2047,3041,5088,
on,1669,2459,4128,
oh,275,352,627,
ok,136,209,345,
pulp,37,88,125,
pull,27,34,61,
youre,378,562,940,
streets,24,29,53,
allbr,28,41,69,
ethnic,33,46,79,
call,126,162,288,
calm,32,55,87,
original,36,76,112,
glad,23,44,67,
being,913,1218,2131,
wait,97,107,204,
honest,256,277,533,
gobr,25,34,59,
special,112,165,277,
opinions,26,33,59,
longterm,36,44,80,
alternative,69,87,156,
personally,22,29,51,
places,242,352,594,
each,191,245,436,
sauce,24,28,52,
true,228,255,483,
companybr,15,37,52,
go,800,1211,2011,
cutie,21,39,60,
magazine,28,37,65,
frequently,27,42,69,
left,102,162,264,
ilove,132,118,250,
energetic,47,58,105,
poetry,55,57,112,
salsa,62,50,112,
willing,172,206,378,
rush,15,41,56,
opportunities,29,48,77,
cooking,394,458,852,
such,152,267,419,
never,419,665,1084,
made,180,349,529,
slowly,33,55,88,
mystery,48,41,89,
always,678,987,1665,
choice,39,62,101,
overall,33,38,71,
engineer,7,104,111,
according,24,37,61,
values,41,42,83,
setting,26,54,80,
listener,64,72,136,
showbr,27,36,63,
enjoy,809,1122,1931,
sex,168,213,381,
see,506,830,1336,
move,114,167,281,
united,23,30,53,
sound,133,186,319,
golden,48,68,116,
super,141,204,345,
npr,50,37,87,
iwould,28,34,62,
buti,45,38,83,
outdoors,172,225,397,
near,67,111,178,
awesome,199,326,525,
due,39,38,77,
as,1245,1888,3133,
at,1613,2394,4007,
an,1157,1732,2889,
am,1538,1993,3531,
al,28,38,66,
p,24,37,61,
straight,59,74,133,
sign,23,34,57,
access,27,36,63,
email,28,32,60,
your,625,953,1578,
number,55,107,162,
division,28,27,55,
background,38,45,83,
ido,29,33,62,
plants,26,33,59,
listen,236,425,661,
deep,100,191,291,
ya,29,45,74,
yo,22,30,52,
seriesbr,24,33,57,
girlbr,33,20,53,
introvert,22,29,51,
compassion,35,24,59,
guns,24,57,81,
damn,54,96,150,
zen,13,40,53,
weekends,77,101,178,
simply,45,66,111,
funk,31,64,95,
brothers,77,133,210,
intelligent,148,167,315,
genres,51,72,123,
thin,26,33,59,
this,1045,1583,2628,
camp,32,36,68,
pieces,21,31,52,
engineering,13,71,84,
avoid,31,50,81,
jump,26,44,70,
communication,63,57,120,
still,454,639,1093,
field,89,81,170,
wanted,57,121,178,
ican,68,91,159,
wearing,57,73,130,
fell,27,43,70,
felt,27,46,73,
conversations,72,109,181,
organizing,51,36,87,
height,57,94,151,
brought,16,35,51,
coen,26,46,72,
everythingbr,29,47,76,
sunny,85,151,236,
teacher,99,64,163,
blood,95,124,219,
waits,23,32,55,
vonnegut,34,50,84,
quest,29,44,73,
students,40,31,71,
choices,28,28,56,
involved,48,68,116,
meditation,35,36,71,
committed,38,28,66,
plays,47,56,103,
w,33,36,69,
hugs,28,23,51,
huge,145,210,355,
catch,89,161,250,
cable,21,41,62,
scene,47,92,139,
supportive,32,34,66,
eric,19,34,53,
us,158,309,467,
up,1133,1674,2807,
uc,28,54,82,
uk,12,40,52,
last,324,521,845,
vegetables,41,24,65,
wrong,77,112,189,
bus,27,32,59,
but,1595,2333,3928,
buy,62,82,144,
physics,9,47,56,
peace,56,58,114,
else,212,330,542,
written,57,72,129,
parents,77,104,181,
relationship,186,229,415,
learn,242,298,540,
intimacy,28,28,56,
beautiful,201,197,398,
gives,38,51,89,
given,66,122,188,
study,47,88,135,
architecture,24,46,70,
marin,27,38,65,
fantastic,42,59,101,
worry,48,51,99,
involves,25,41,66,
stupid,43,93,136,
closer,32,26,58,
stuffbr,34,65,99,
thinking,253,413,666,
terms,35,46,81,
oriented,19,45,64,
today,48,72,120,
example,18,54,72,
fully,42,33,75,
connecting,34,39,73,
feelings,29,51,80,
promise,27,37,64,
painting,66,67,133,
seeing,168,228,396,
australia,29,35,64,
media,40,54,94,
classics,62,60,122,
trek,21,73,94,
south,96,222,318,
purpose,43,44,87,
old,402,611,1013,
ny,43,41,84,
no,621,946,1567,
settle,24,34,58,
expand,26,38,64,
pie,36,31,67,
peter,26,48,74,
passport,44,36,80,
ride,116,165,281,
profilebr,17,42,59,
native,80,86,166,
yourself,148,176,324,
mindbr,36,60,96,
hes,46,54,100,
try,568,877,1445,
schoolbr,30,22,52,
thai,211,279,490,
than,575,935,1510,
only,377,565,942,
finding,241,305,546,
years,574,855,1429,
heads,31,40,71,
ghost,28,50,78,
playful,56,52,108,
pleasures,37,21,58,
female,292,47,339,
humans,20,31,51,
intellectually,23,30,53,
wed,29,37,66,
drop,50,55,105,
paul,30,73,103,
sweet,178,166,344,
youmale,0,60,60,
piano,51,75,126,
human,120,217,337,
sunday,38,58,96,
haha,38,68,106,
dog,217,197,414,
typical,145,201,346,
relatively,22,38,60,
spots,29,22,51,
round,17,35,52,
dave,35,34,69,
grow,94,106,200,
yearsbr,36,35,71,
answers,16,39,55,
least,258,390,648,
quiet,93,166,259,
itself,18,39,57,
chat,40,63,103,
simpsons,20,61,81,
worst,20,50,70,
deeply,51,53,104,
brief,21,41,62,
san,362,576,938,
sad,50,70,120,
say,575,817,1392,
saw,77,111,188,
havent,153,230,383,
tree,50,44,94,
loved,154,125,279,
loves,128,121,249,
lover,75,89,164,
picture,62,92,154,
flight,28,42,70,
place,258,427,685,
occasionally,81,112,193,
carbr,33,72,105,
martin,16,41,57,
year,367,527,894,
yeah,105,191,296,
toknow,26,36,62,
stories,145,164,309,
news,59,102,161,
could,422,602,1024,
xx,33,29,62,
roots,46,56,102,
pixies,29,40,69,
nonprofit,63,45,108,
brings,27,32,59,
desert,20,36,56,
daughter,51,32,83,
de,60,72,132,
dc,27,30,57,
do,1130,1652,2782,
dj,26,63,89,
dr,54,92,146,
fucking,24,45,69,
thisbr,29,39,68,
tend,215,335,550,
laundry,32,33,65,
center,40,53,93,
lack,27,43,70,
meant,25,42,67,
means,150,230,380,
lately,129,183,312,
ryan,22,29,51,
jon,29,22,51,
joy,100,111,211,
brazil,25,27,52,
inthe,130,162,292,
join,34,55,89,
build,63,121,184,
built,23,63,86,
language,59,87,146,
once,325,466,791,
text,20,55,75,
valley,37,50,87,
their,288,426,714,
path,40,86,126,
below,12,42,54,
probably,313,552,865,
timebr,89,170,259,
control,26,47,73,
body,127,160,287,
daysbr,27,24,51,
tv,467,681,1148,
to,2206,3276,5482,
th,56,112,168,
accent,38,72,110,
blade,17,57,74,
grab,31,62,93,
grad,79,100,179,
ever,254,427,681,
dont,1064,1606,2670,
mainly,39,65,104,
angeles,19,36,55,
thoughbr,27,45,72,
without,316,434,750,
haveto,14,38,52,
test,31,38,69,
twice,34,44,78,
via,24,40,64,
trilogy,43,80,123,
add,57,89,146,
philip,11,41,52,
described,33,39,72,
problem,59,109,168,
sometime,22,47,69,
basketball,37,85,122,
ray,46,58,104,
book,412,504,916,
sleeping,79,101,180,
ten,30,58,88,
tea,117,88,205,
marketing,56,43,99,
university,44,66,110,
outside,167,228,395,
early,97,172,269,
room,115,122,237,
balanced,35,31,66,
noticed,21,40,61,
nature,204,230,434,
society,41,82,123,
nerdy,44,85,129,
theater,75,98,173,
actually,270,411,681,
till,30,50,80,
my,2144,3057,5201,
mr,39,58,97,
mental,21,38,59,
matter,83,146,229,
theyre,102,158,260,
jokes,62,118,180,
looks,63,121,184,
types,133,187,320,
push,26,32,58,
pi,24,29,53,
designer,43,63,106,
put,189,348,537,
connections,29,32,61,
comes,173,306,479,
concerts,73,88,161,
el,21,44,65,
everyone,156,238,394,
sorts,53,87,140,
public,113,135,248,
seven,32,82,114,
recreation,22,42,64,
harry,139,146,285,
usual,47,75,122,
based,45,88,133,
throw,46,70,116,
andor,120,162,282,
order,132,188,320,
computers,15,94,109,
favorites,182,183,365,
burritos,36,62,98,
million,22,38,60,
that,1630,2436,4066,
rest,104,161,265,
necessarily,39,56,95,
cooked,19,34,53,
wife,43,44,87,
genius,26,31,57,
pbr,24,36,60,
flying,28,57,85,
cookingbr,32,36,68,
jeans,30,33,63,
is,1685,2437,4122,
it,1493,2300,3793,
if,1185,1848,3033,
ie,40,50,90,
ii,23,44,67,
in,2035,3009,5044,
im,1688,2494,4182,
schedule,38,48,86,
funloving,33,24,57,
drama,65,93,158,
ambr,34,32,66,
jazz,160,226,386,
awhile,30,42,72,
bikes,22,56,78,
filmsbr,23,29,52,
act,39,67,106,
figuring,43,75,118,
photo,24,35,59,
dressed,27,24,51,
minds,36,34,70,
filled,36,46,82,
story,152,223,375,
store,55,67,122,
gardening,39,27,66,
mean,203,313,516,
meal,82,110,192,
meat,65,94,159,
bach,16,44,60,
back,556,881,1437,
basic,21,41,62,
basis,29,49,78,
write,157,306,463,
lady,131,102,233,
spotless,53,56,109,
active,203,248,451,
model,24,30,54,
apart,26,51,77,
bacon,23,44,67,
amazing,228,254,482,
e,19,41,60,
chocolatebr,41,24,65,
respect,69,84,153,
kings,61,46,107,
x,43,73,116,
turning,19,38,57,
keep,309,456,765,
vietnamese,35,74,109,
catching,71,82,153,
window,28,23,51,
maybe,287,481,768,
eternal,62,63,125,
futurebr,19,50,69,
trade,21,35,56,
interested,275,362,637,
mountain,36,123,159,
waiting,49,63,112,
russian,30,26,56,
o,22,54,76,
athletic,47,85,132,
whose,26,33,59,
hoping,80,81,161,
bonus,57,78,135,
ambitious,44,40,84,
boys,88,113,201,
lovely,67,34,101,
allows,34,25,59,
finish,56,78,134,
meet,419,641,1060,
friend,336,348,684,
dress,47,65,112,
growing,82,112,194,
creative,231,265,496,
didnt,94,172,266,
laughingbr,30,33,63,
turned,36,47,83,
names,35,57,92,
named,33,43,76,
miss,134,138,272,
sitting,75,93,168,
hidden,22,46,68,
web,23,76,99,
wes,30,47,77,
wet,25,31,56,
author,22,46,68,
asia,23,31,54,
fulltime,22,46,68,
sucker,52,58,110,
hunter,22,42,64,
sadly,19,38,57,
happen,79,124,203,
van,32,60,92,
ball,41,52,93,
high,227,313,540,
thingsi,27,29,56,
wave,21,30,51,
please,185,224,409,
aware,28,54,82,
anymore,36,65,101,
law,84,103,187,
las,17,45,62,
lab,23,30,53,
group,85,143,228,
medicine,34,34,68,
inception,21,64,85,
lunch,15,45,60,
clash,26,29,55,
class,81,91,172,
gift,25,40,65,
circle,36,46,82,
further,21,34,55,
word,94,139,233,
work,930,1409,2339,
documentaries,75,75,150,
zero,19,46,65,
electric,15,46,61,
considered,21,36,57,
everything,422,648,1070,
fruit,44,43,87,
laughs,22,41,63,
environmental,22,34,56,
extra,44,58,102,
graduated,79,104,183,
sleep,127,171,298,
will,779,1070,1849,
someday,27,58,85,
sunshinebr,58,41,99,
moments,50,65,115,
le,25,41,66,
la,126,156,282,
face,93,140,233,
woody,19,40,59,
possibilities,27,32,59,
goingto,28,30,58,
though,320,521,841,
little,553,701,1254,
specifically,26,44,70,
climb,19,35,54,
cant,400,545,945,
travels,21,34,55,
main,37,50,87,
wake,30,58,88,
texas,24,33,57,
heard,47,107,154,
paid,27,45,72,
booksbr,167,164,331,
ina,23,48,71,
truth,62,88,150,
angry,29,37,66,
everyday,77,106,183,
forward,105,149,254,
famous,39,32,71,
cheesy,38,46,84,
myself,667,962,1629,
person,556,718,1274,
backbr,22,33,55,
anderson,31,43,74,
pursuing,26,48,74,
months,92,160,252,
complex,26,52,78,
family,807,830,1637,
bay,458,619,1077,
bar,165,296,461,
bad,251,474,725,
admit,153,166,319,
surf,23,63,86,
happy,381,425,806,
me,1582,2216,3798,
friendbr,43,41,84,
where,522,783,1305,
grateful,53,58,111,
restaurant,95,138,233,
culture,92,126,218,
doctor,35,59,94,
midnight,25,40,65,
downtown,22,44,66,
another,143,224,367,
wanna,64,149,213,
scifi,50,111,161,
lebowski,25,71,96,
he,122,188,310,
hi,99,129,228,
door,46,52,98,
unusual,26,28,54,
breakfast,81,70,151,
workbr,46,99,145,
combination,34,37,71,
sarah,38,30,68,
liberal,29,36,65,
discovery,26,30,56,
cleaning,33,22,55,
london,24,43,67,
ityou,29,29,58,
runs,18,38,56,
manager,29,45,74,
parties,66,68,134,
c,28,59,87,
less,108,220,328,
johnny,36,78,114,
absolutely,78,82,160,
lotbr,31,47,78,
tough,37,67,104,
child,77,79,156,
chili,24,41,65,
chill,57,131,188,
fried,22,36,58,
should,337,506,843,
hands,111,165,276,
bands,61,142,203,
hbo,25,27,52,
speak,74,120,194,
diet,29,53,82,
network,29,48,77,
father,31,57,88,
brunch,32,19,51,
into,615,1003,1618,
chef,34,67,101,
originally,95,111,206,
lips,34,50,84,
soft,71,74,145,
creativity,46,41,87,
suck,29,52,81,
brian,19,34,53,
set,72,167,239,
sea,33,57,90,
beauty,116,144,260,
addiction,20,32,52,
cheap,24,51,75,
cats,79,78,157,
forgetting,20,35,55,
onto,21,34,55,
wrote,36,58,94,
team,48,86,134,
okc,45,59,104,
kanye,30,52,82,
kids,210,200,410,
through,306,457,763,
onmy,29,23,52,
stand,65,109,174,
driven,43,67,110,
hikes,32,32,64,
almost,244,338,582,
relate,27,29,56,
support,65,57,122,
smoke,38,56,94,
seasons,25,35,60,
hot,240,295,535,
how,873,1257,2130,
hop,116,157,273,
bringing,30,25,55,
asleep,25,30,55,
havebeen,18,36,54,
dogbr,51,47,98,
foodie,51,61,112,
rice,38,39,77,
rich,26,45,71,
cultural,28,46,74,
words,126,189,315,
particularly,52,70,122,
drunk,21,50,71,
things,1090,1585,2675,
college,215,328,543,
internet,116,264,380,
thembr,84,117,201,
quite,172,295,467,
homebr,43,41,84,
speaking,46,62,108,
advice,39,43,82,
dreams,81,113,194,
area,374,509,883,
parking,35,32,67,
j,20,37,57,
find,609,885,1494,
modern,141,203,344,
darko,20,37,57,
match,55,93,148,
country,236,288,524,
liketo,54,51,105,
night,407,520,927,
disney,29,30,59,
chance,69,122,191,
amp,445,572,1017,
amy,33,22,55,
pictures,74,127,201,
stripes,24,27,51,
land,34,52,86,
scratch,24,28,52,
wicked,29,38,67,
downbr,18,41,59,
easier,16,37,53,
universe,53,96,149,
james,76,125,201,
line,95,134,229,
relnofollow,26,58,84,
tends,24,32,56,
apple,33,59,92,
spicy,90,86,176,
get,992,1521,2513,
bible,31,23,54,
exploring,244,263,507,
laptopbr,20,36,56,
florence,41,27,68,
daft,14,58,72,
dylan,39,59,98,
spare,39,61,100,
queen,41,46,87,
process,57,60,117,
fact,116,150,266,
heart,261,282,543,
plan,134,194,328,
play,351,619,970,
rockbr,34,34,68,
cheese,106,111,217,
seafood,32,46,78,
comedy,106,183,289,
faith,39,38,77,
cake,49,53,102,
iwas,35,56,91,
listeningbr,20,44,64,
trying,625,844,1469,
evening,35,55,90,
success,20,36,56,
well,544,892,1436,
orange,28,62,90,
over,462,687,1149,
climbing,60,126,186,
started,105,221,326,
helping,87,122,209,
bicycle,25,62,87,
fine,85,121,206,
alive,47,56,103,
asking,43,56,99,
relaxing,131,164,295,
event,52,69,121,
male,22,406,428,
ialso,57,66,123,
communicate,25,32,57,
bowling,29,38,67,
prefer,159,246,405,
ass,75,106,181,
attending,45,49,94,
allen,35,53,88,
waterbr,82,106,188,
awesomebr,30,36,66,
business,137,237,374,
berkeley,68,141,209,
pans,31,24,55,
scary,45,47,92,
dragon,57,60,117,
reasons,32,47,79,
films,138,176,314,
late,98,152,250,
curious,103,148,251,
completely,67,102,169,
asian,81,110,191,
successful,43,70,113,
novel,42,54,96,
design,109,167,276,
blessed,32,31,63,
instead,67,101,168,
enthusiasm,30,52,82,
ahead,30,47,77,
cure,29,40,69,
curb,23,65,88,
job,374,567,941,
chemistry,57,63,120,
putting,75,99,174,
staying,169,222,391,
summer,155,154,309,
hike,105,97,202,
friendsbr,432,587,1019,
guilty,39,45,84,
visiting,35,56,91,
content,49,41,90,
winter,52,61,113,
jayz,24,28,52,
whats,115,207,322,
companion,29,30,59,
nyc,46,54,100,
snow,57,93,150,
warm,149,146,295,
rec,24,38,62,
red,200,222,422,
areas,28,36,64,
mother,124,146,270,
johnson,28,31,59,
season,56,56,112,
focus,51,81,132,
knowbr,29,54,83,
ago,171,261,432,
age,107,159,266,
dive,65,77,142,
bass,23,55,78,
wilco,25,30,55,
french,108,154,262,
needed,26,33,59,
internetbr,35,114,149,
arcade,42,89,131,
non,29,61,90,
cocktail,25,31,56,
now,702,1042,1744,
not,1403,2062,3465,
born,172,295,467,
step,55,83,138,
nightbr,27,36,63,
gender,33,27,60,
notebook,35,22,57,
training,59,68,127,
peanut,29,33,62,
car,145,230,375,
cal,22,50,72,
can,1225,1757,2982,
cab,28,61,89,
moviebr,26,44,70,
listbr,31,37,68,
shouldnt,22,31,53,
meyou,25,39,64,
taken,57,84,141,
takes,79,133,212,
are,1443,2004,3447,
fair,46,81,127,
art,408,493,901,
friendsi,63,94,157,
bars,71,159,230,
museums,55,61,116,
literally,29,44,73,
quote,19,40,59,
someones,21,38,59,
mellow,36,35,71,
conversation,171,292,463,
two,306,497,803,
education,104,74,178,
challenge,72,78,150,
imnot,34,44,78,
engage,23,28,51,
mebr,221,320,541,
travel,457,459,916,
expect,48,58,106,
clothes,40,67,107,
sexbr,31,53,84,
allergic,27,27,54,
butter,33,41,74,
vegan,34,62,96,
vegas,28,53,81,
considerate,21,34,55,
novels,71,91,162,
performing,24,30,54,
wonderful,108,108,216,
singing,131,109,240,
adult,58,64,122,
took,59,126,185,
doing,500,724,1224,
everywhere,33,44,77,
german,16,40,56,
raising,45,39,84,
artist,81,124,205,
hour,126,119,245,
odd,36,77,113,
women,115,227,342,
heels,45,15,60,
people,1264,1743,3007,
during,115,198,313,
trivia,32,52,84,
oceanbr,33,44,77,
someone,642,848,1490,
nonfiction,93,118,211,
baseball,53,86,139,
goodbr,29,55,84,
wondering,35,55,90,
iphonebr,59,78,137,
wouldnt,111,152,263,
school,469,697,1166,
fish,50,78,128,
dry,36,77,113,
naked,32,46,78,
dad,40,94,134,
dan,23,49,72,
picky,50,77,127,
often,279,393,672,
habit,21,35,56,
side,183,268,451,
television,34,89,123,
total,50,65,115,
loving,259,208,467,
fixing,24,95,119,
chicken,60,81,141,
using,73,108,181,
firefly,26,39,65,
mom,95,74,169,
meaning,69,108,177,
plus,87,98,185,
same,246,350,596,
youth,45,56,101,
classic,111,174,285,
punk,57,152,209,
important,276,306,582,
look,285,500,785,
tall,102,164,266,
talk,301,497,798,
gaga,33,48,81,
racing,19,32,51,
building,54,183,237,
cause,52,88,140,
girls,158,194,352,
rock,375,631,1006,
glee,42,47,89,
physically,43,66,109,
energy,130,150,280,
national,42,77,119,
massive,23,39,62,
criminal,35,19,54,
ofthe,68,119,187,
facts,24,47,71,
golf,29,60,89,
led,48,90,138,
makes,271,388,659,
went,126,199,325,
shoes,86,79,165,
ask,206,389,595,
aboutbr,26,41,67,
politics,90,130,220,
u,71,102,173,
come,279,427,706,
connection,60,89,149,
discovered,27,56,83,
mumford,32,30,62,
some,910,1495,2405,
dramas,34,21,55,
coffeebr,85,120,205,
personbr,36,52,88,
theory,66,127,193,
create,66,107,173,
fun,746,1023,1769,
urban,48,56,104,
jobbr,33,45,78,
bring,86,121,207,
biggest,25,44,69,
pushing,28,42,70,
mouse,25,40,65,
soccer,47,113,160,
every,350,627,977,
secret,66,80,146,
guitar,65,199,264,
present,65,84,149,
books,711,930,1641,
walks,90,77,167,
friendsand,33,22,55,
entire,29,71,100,
firm,45,60,105,
fire,105,208,313,
k,27,58,85,
coming,87,140,227,
billy,23,44,67,
watched,30,65,95,
fewbr,25,36,61,
long,503,696,1199,
confidence,25,37,62,
cars,32,98,130,
hopefully,100,148,248,
style,89,103,192,
hairbr,28,28,56,
hiking,243,267,510,
inmy,28,50,78,
reggae,36,67,103,
seen,115,153,268,
air,101,165,266,
summary,21,39,60,
later,51,134,185,
tennis,49,108,157,
house,253,380,633,
proud,57,69,126,
month,45,65,110,
profiles,25,52,77,
legs,26,27,53,
report,31,62,93,
sports,165,344,509,
company,167,356,523,
ill,374,726,1100,
stimulating,24,32,56,
open,438,594,1032,
r,24,39,63,
bbq,31,56,87,
romance,59,71,130,
saturday,66,84,150,
spanish,57,78,135,
mature,25,35,60,
karaoke,38,56,94,
stevie,38,35,73,
may,221,340,561,
man,299,468,767,
mac,52,59,111,
mad,155,174,329,
dark,139,234,373,
besides,45,62,107,
begin,25,33,58,
loud,100,89,189,
phonebr,56,110,166,
dick,12,45,57,
eggs,32,32,64,
stephen,19,57,76,
return,42,45,87,
shit,75,129,204,
dobr,42,67,109,
foster,23,38,61,
hotel,30,39,69,
fuck,34,52,86,
sarcastic,105,122,227,
them,444,692,1136,
afraid,103,127,230,
wars,50,133,183,
spiritual,64,65,129,
exception,31,29,60,
confident,95,100,195,
dinner,408,359,767,
happens,51,86,137,
younger,54,70,124,
anywhere,69,78,147,
relationships,89,120,209,
stuff,254,555,809,
workout,16,55,71,
spend,355,501,856,
forest,14,37,51,
avid,32,45,77,
sam,28,27,55,
plans,63,90,153,
camerabr,25,46,71,
hello,46,72,118,
seriously,182,246,428,
lessons,23,35,58,
shower,44,55,99,
spirit,67,60,127,
ireally,33,32,65,
lives,112,144,256,
responsible,24,31,55,
outgoing,130,128,258,
middle,105,121,226,
davis,23,53,76,
between,157,252,409,
ijust,19,37,56,
honestly,54,105,159,
regular,45,62,107,
lookingfor,37,39,76,
nerd,74,136,210,
muse,29,50,79,
entertainment,23,42,65,
teeth,33,39,72,
close,169,230,399,
sunset,33,34,67,
activity,43,75,118,
toget,25,37,62,
choose,61,57,118,
ofmy,55,46,101,
diego,25,33,58,
yummy,38,23,61,
france,17,39,56,
follow,37,68,105,
guys,105,165,270,
kitchen,79,74,153,
value,98,112,210,
manage,31,40,71,
onbr,64,74,138,
direct,41,39,80,
lifebr,136,191,327,
obvious,28,46,74,
all,1266,1834,3100,
showing,24,27,51,
even,428,640,1068,
christmas,30,30,60,
tofind,17,36,53,
regularly,34,58,92,
musician,18,55,73,
talks,14,38,52,
attend,25,33,58,
addicted,40,50,90,
cookies,36,17,53,
passportbr,38,30,68,
orbr,18,39,57,
project,95,132,227,
fashion,56,73,129,
europe,50,88,138,
etc,171,299,470,
horrible,23,40,63,
range,65,78,143,
kiss,32,45,77,
earth,166,215,381,
inside,39,98,137,
skin,56,51,107,
nor,33,56,89,
graphic,35,58,93,
lame,17,53,70,
labyrinth,30,28,58,
cry,44,50,94,
paris,46,51,97,
giving,132,160,292,
men,254,298,552,
black,192,320,512,
chillin,22,32,54,
teach,105,119,224,
royal,36,45,81,
theatre,44,30,74,
starting,82,162,244,
we,569,898,1467,
sport,20,49,69,
code,17,62,79,
realized,32,54,86,
inspired,40,32,72,
win,33,52,85,
mediterranean,29,40,69,
italy,26,25,51,
ca,37,61,98,
sunbr,31,43,74,
dexter,67,100,167,
difficult,51,66,117,
which,456,730,1186,
cute,108,114,222,
broken,36,75,111,
live,658,806,1464,
grounded,43,33,76,
definitely,153,200,353,
todo,32,42,74,
waking,25,39,64,
adventure,206,218,424,
mountains,46,89,135,
club,150,257,407,
ultimate,26,37,63,
grabbing,33,33,66,
oldies,38,29,67,
wow,34,37,71,
idont,68,109,177,
electronic,34,90,124,
silence,30,36,66,
catcher,37,55,92,
classilink,167,421,588,
missing,32,44,76,
apparently,43,88,131,
radiohead,82,114,196,
chocolate,168,108,276,
redemption,36,74,110,
hip,133,168,301,
him,78,102,180,
whenever,59,111,170,
website,28,51,79,
balance,124,132,256,
social,261,315,576,
wherever,21,40,61,
fix,38,59,97,
fit,108,146,254,
ipodbr,17,34,51,
sf,318,485,803,
so,1177,1701,2878,
gamesbr,25,51,76,
lil,25,51,76,
sleepbr,32,42,74,
harold,29,35,64,
meals,35,50,85,
attempt,21,37,58,
optimistic,40,59,99,
curly,48,25,73,
metal,49,118,167,
jim,15,37,52,
down,448,708,1156,
psychology,52,58,110,
course,152,221,373,
joke,53,87,140,
adventurous,139,146,285,
meim,24,32,56,
authentic,30,24,54,
cat,106,89,195,
atthe,45,56,101,
bake,43,30,73,
apply,25,30,55,
next,464,574,1038,
indie,92,118,210,
india,37,36,73,
fantasy,50,98,148,
craft,20,31,51,
romantic,133,146,279,
facial,21,37,58,
bayarea,18,33,51,
wear,107,135,242,
likebr,28,56,84,
progress,24,43,67,
won,17,41,58,
fora,18,42,60,
organic,43,51,94,
stage,31,42,73,
breaking,78,190,268,
george,31,67,98,
somewhat,64,96,160,
break,66,95,161,
bread,40,64,104,
charming,38,40,78,
industry,48,75,123,
race,39,74,113,
engaging,15,37,52,
laughing,217,178,395,
track,19,49,68,
quality,83,101,184,
japanese,98,186,284,
iwant,42,44,86,
potential,30,33,63,
floor,41,44,85,
okay,78,93,171,
behind,54,81,135,
reach,24,41,65,
weird,100,171,271,
creating,82,128,210,
steak,28,72,100,
popular,23,39,62,
v,25,64,89,
big,513,806,1319,
childhood,27,40,67,
magazines,26,34,60,
trips,109,127,236,
dubstep,20,39,59,
copy,15,36,51,
allthe,20,33,53,
sounds,91,144,235,
mostly,270,421,691,
here,520,862,1382,
certainly,34,56,90,
prepared,19,33,52,
paint,47,41,88,
david,138,187,325,
discuss,23,31,54,
must,163,161,324,
coldplay,31,35,66,
full,198,253,451,
picked,24,32,56,
cohen,16,37,53,
the,2171,3221,5392,
stop,97,135,232,
ear,26,31,57,
eat,405,533,938,
direction,23,41,64,
runner,48,68,116,
d,50,95,145,
moving,91,159,250,
usually,374,546,920,
lazy,37,61,98,
cuddle,25,37,62,
studying,97,126,223,
tvbr,37,61,98,
states,39,54,93,
pick,73,117,190,
amount,59,102,161,
strange,52,98,150,
witha,20,33,53,
while,387,598,985,
wide,68,109,177,
sister,72,47,119,
longer,43,74,117,
together,179,216,395,
degree,98,164,262,
post,36,54,90,
works,81,120,201,
drugs,24,34,58,
understanding,36,71,107,
guess,218,347,565,
